MJD, counts, counts_err
5.759089834881949355e+04,9.722849999999999548e-01,2.064860000000000029e-01
5.759089869604171690e+04,1.405319999999999903e+00,2.479169999999999985e-01
5.759089904326394026e+04,1.275300000000000100e+00,2.355450000000000044e-01
5.759089939048616361e+04,9.812039999999999651e-01,2.060009999999999897e-01
5.759089973770838697e+04,8.997889999999999500e-01,1.977700000000000014e-01
5.759090008493060304e+04,1.026049999999999907e+00,2.109270000000000034e-01
5.759090043215282640e+04,8.912569999999999659e-01,1.973040000000000072e-01
5.759090077937504975e+04,1.375280000000000058e+00,2.447090000000000098e-01
5.759090112659728038e+04,9.380939999999999834e-01,2.014730000000000132e-01
5.759090147381949646e+04,1.199889999999999901e+00,2.286350000000000049e-01
5.759090182104171981e+04,9.795230000000000325e-01,2.057589999999999975e-01
5.759090216826394317e+04,9.477560000000000429e-01,2.031439999999999912e-01
5.759090251548615925e+04,9.526550000000000296e-01,2.055790000000000117e-01
5.759090286270838988e+04,1.244459999999999900e+00,2.326809999999999989e-01
5.759090320993061323e+04,1.452450000000000019e+00,2.510519999999999974e-01
5.759090355715283658e+04,1.065280000000000005e+00,2.145179999999999865e-01
5.759090390437505266e+04,1.031269999999999909e+00,2.119250000000000023e-01
5.759090425159728329e+04,1.156409999999999938e+00,2.231960000000000055e-01
5.759090459881949937e+04,9.719569999999999599e-01,2.055180000000000062e-01
5.759090494604172272e+04,1.064079999999999915e+00,2.147699999999999887e-01
5.759090529326395335e+04,1.192209999999999992e+00,2.272909999999999930e-01
5.759090564048616216e+04,1.203570000000000029e+00,2.286350000000000049e-01
5.759090598770839279e+04,1.033959999999999990e+00,2.109270000000000034e-01
5.759090633493060886e+04,1.472979999999999956e+00,2.507570000000000077e-01
5.759090668215283222e+04,1.207240000000000091e+00,2.278270000000000017e-01
5.759090702937506285e+04,1.155359999999999943e+00,2.229339999999999933e-01
5.759090737659727165e+04,8.095649999999999791e-01,1.876740000000000075e-01
5.759090772381950228e+04,1.394449999999999967e+00,2.464619999999999866e-01
5.759082954284408333e+04,9.431249999999999911e-01,2.021840000000000026e-01
5.759082989006630669e+04,1.071229999999999905e+00,2.160390000000000088e-01
5.759083023728852277e+04,1.015449999999999964e+00,2.099370000000000125e-01
5.759083058451075340e+04,1.372849999999999904e+00,2.438430000000000042e-01
5.759083093173296947e+04,1.237249999999999961e+00,2.321320000000000050e-01
5.759083127895519283e+04,1.319530000000000092e+00,2.397199999999999886e-01
5.759083162617742346e+04,1.621580000000000021e+00,2.654079999999999773e-01
5.759083197339963226e+04,1.285509999999999931e+00,2.361000000000000043e-01
5.759083232062186289e+04,1.361869999999999914e+00,2.432690000000000130e-01
5.759083266784407897e+04,1.286119999999999930e+00,2.358220000000000038e-01
5.759083301506630232e+04,1.333609999999999962e+00,2.402859999999999996e-01
5.759083336228853295e+04,1.257810000000000095e+00,2.346219999999999972e-01
5.759083370951074176e+04,1.105990000000000029e+00,2.190229999999999955e-01
5.759083405673297239e+04,1.342030000000000056e+00,2.401610000000000134e-01
5.759083440395518846e+04,1.468879999999999963e+00,2.511669999999999736e-01
5.759083475117741182e+04,1.225519999999999943e+00,2.350230000000000097e-01
5.759083509839964245e+04,1.029800000000000049e+00,2.119240000000000013e-01
5.759083544562185125e+04,1.317760000000000042e+00,2.385960000000000025e-01
5.759083579284408188e+04,1.355450000000000044e+00,2.426979999999999971e-01
5.759083614006629796e+04,1.048820000000000086e+00,2.125219999999999887e-01
5.759083648728852859e+04,1.073990000000000000e+00,2.160390000000000088e-01
5.759083683451073739e+04,1.449470000000000036e+00,2.504609999999999892e-01
5.759083718173296802e+04,1.068550000000000111e+00,2.160390000000000088e-01
5.759083752895519137e+04,1.697429999999999994e+00,2.710259999999999891e-01
5.759083787617740745e+04,1.201810000000000045e+00,2.278260000000000007e-01
5.759083822339963808e+04,1.419410000000000061e+00,2.470410000000000106e-01
5.759083857062184688e+04,1.288380000000000081e+00,2.369380000000000097e-01
5.759083891784407751e+04,1.316009999999999902e+00,2.385960000000000025e-01
5.759083926506630087e+04,1.588789999999999925e+00,2.625109999999999943e-01
5.759083961228851695e+04,1.366430000000000033e+00,2.429830000000000045e-01
5.759083995951074758e+04,1.332189999999999985e+00,2.405700000000000061e-01
5.759084030673295638e+04,9.890700000000000047e-01,2.067279999999999951e-01
5.759084065395518701e+04,1.205470000000000041e+00,2.272899999999999920e-01
5.759084100117741036e+04,1.079250000000000043e+00,2.152749999999999941e-01
5.759084134839962644e+04,1.424439999999999928e+00,2.479159999999999975e-01
5.759084169562185707e+04,1.241489999999999982e+00,2.313129999999999908e-01
5.759084204284407315e+04,9.430530000000000301e-01,2.021840000000000026e-01
5.759084239006629650e+04,9.410020000000000051e-01,2.017089999999999994e-01
5.759084273728851986e+04,9.398370000000000335e-01,2.012349999999999972e-01
5.759084308451075049e+04,9.844380000000000353e-01,2.069719999999999893e-01
5.759084343173296656e+04,1.205130000000000035e+00,2.294470000000000121e-01
5.759084377895518264e+04,9.382460000000000244e-01,2.012349999999999972e-01
5.759084412617741327e+04,1.150009999999999977e+00,2.234569999999999890e-01
5.759084447339962935e+04,1.150570000000000093e+00,2.237200000000000022e-01
5.759076190429087728e+04,1.070829999999999949e+00,2.145170000000000132e-01
5.759076225151309336e+04,1.162449999999999983e+00,2.239839999999999887e-01
5.759076259873531671e+04,1.402570000000000094e+00,2.476240000000000108e-01
5.759076294595754007e+04,9.316309999999999869e-01,2.009990000000000110e-01
5.759076329317976342e+04,1.188390000000000057e+00,2.267569999999999864e-01
5.759076364040198678e+04,9.752859999999999863e-01,2.057579999999999965e-01
5.759076398762420285e+04,7.753170000000000339e-01,1.828829999999999900e-01
5.759076433484643348e+04,1.414009999999999989e+00,2.476240000000000108e-01
5.759076468206864956e+04,7.723449999999999482e-01,1.826679999999999970e-01
5.759076502929088019e+04,1.330600000000000005e+00,2.397199999999999886e-01
5.759076537651310355e+04,1.025220000000000020e+00,2.111750000000000016e-01
5.759076572373531963e+04,1.068060000000000009e+00,2.150219999999999909e-01
5.759076607095754298e+04,1.331180000000000030e+00,2.400029999999999941e-01
5.759076641817975906e+04,8.560079999999999911e-01,1.925489999999999979e-01
5.759076676540198969e+04,1.241800000000000015e+00,2.321320000000000050e-01
5.759076711262421304e+04,9.462350000000000483e-01,2.029019999999999990e-01
5.759076745984643640e+04,9.775829999999999798e-01,2.064850000000000019e-01
5.759076780706865247e+04,1.504399999999999959e+00,2.550169999999999937e-01
5.759076815429088310e+04,1.327430000000000110e+00,2.400029999999999941e-01
5.759076850151309918e+04,6.822049999999999503e-01,1.720180000000000042e-01
5.759076884873532254e+04,1.068349999999999911e+00,2.145170000000000132e-01
5.759076919595755317e+04,6.853409999999999780e-01,1.724239999999999939e-01
5.759076954317976197e+04,8.980110000000000037e-01,1.973030000000000062e-01
5.759076989040199260e+04,9.765979999999999661e-01,2.064850000000000019e-01
5.759077023762420868e+04,1.030559999999999921e+00,2.114240000000000008e-01
5.759077058484643203e+04,9.020319999999999450e-01,1.970709999999999962e-01
5.759077093206866266e+04,9.038749999999999840e-01,1.970709999999999962e-01
5.759077127929087146e+04,7.306540000000000257e-01,1.768959999999999977e-01
5.759077162651310209e+04,9.005119999999999791e-01,1.970709999999999962e-01
5.759077197373531817e+04,1.150409999999999933e+00,2.231950000000000045e-01
5.759077232095754880e+04,1.196050000000000058e+00,2.283640000000000114e-01
5.759077266817975760e+04,7.305150000000000254e-01,1.775210000000000121e-01
5.759077301540198823e+04,1.158050000000000024e+00,2.231950000000000045e-01
5.759077336262421159e+04,8.992639999999999523e-01,1.970709999999999962e-01
5.759077370984642766e+04,8.977380000000000360e-01,1.970709999999999962e-01
5.759077405706865829e+04,8.479330000000000478e-01,1.918710000000000138e-01
5.759077440429086710e+04,8.103200000000000403e-01,1.874520000000000075e-01
5.759077475151311228e+04,1.124779999999999891e+00,2.213640000000000052e-01
5.759077509873532108e+04,1.207189999999999985e+00,2.280939999999999912e-01
5.759077544595755171e+04,1.077020000000000088e+00,2.152749999999999941e-01
5.759077579317976779e+04,9.815500000000000336e-01,2.064850000000000019e-01
5.759077614040197659e+04,1.116489999999999982e+00,2.197969999999999924e-01
5.759077648762420722e+04,8.125989999999999602e-01,1.872320000000000095e-01
5.759077683484643057e+04,1.414949999999999930e+00,2.482090000000000130e-01
5.759069426574924728e+04,1.369050000000000100e+00,2.441309999999999869e-01
5.759069461297147791e+04,8.533309999999999507e-01,1.927750000000000019e-01
5.759069496019368671e+04,7.663309999999999844e-01,1.822380000000000111e-01
5.759069530741591734e+04,1.452649999999999997e+00,2.510510000000000241e-01
5.759069565463814070e+04,7.670649999999999968e-01,1.826679999999999970e-01
5.759069600186035677e+04,1.020809999999999995e+00,2.111750000000000016e-01
5.759069634908258740e+04,1.152849999999999930e+00,2.239839999999999887e-01
5.759069669630480348e+04,9.745110000000000161e-01,2.067279999999999951e-01
5.759069704352702684e+04,6.336319999999999730e-01,1.667520000000000113e-01
5.759069739074925019e+04,1.618370000000000086e+00,2.657209999999999850e-01
5.759069773797147354e+04,1.102919999999999900e+00,2.195380000000000109e-01
5.759069808519369690e+04,1.408490000000000020e+00,2.479159999999999975e-01
5.759069843241591298e+04,1.287779999999999925e+00,2.355440000000000034e-01
5.759069877963814361e+04,1.633080000000000087e+00,2.657209999999999850e-01
5.759069912686035968e+04,1.438609999999999944e+00,2.507559999999999789e-01
5.759069947408258304e+04,1.283339999999999925e+00,2.361000000000000043e-01
5.759069982130480639e+04,9.041500000000000092e-01,1.970709999999999962e-01
5.759070016852702247e+04,1.338419999999999943e+00,2.400029999999999941e-01
5.759070051574925310e+04,1.452919999999999989e+00,2.513469999999999871e-01
5.759070086297146918e+04,1.567779999999999951e+00,2.612769999999999815e-01
5.759070121019369981e+04,8.557850000000000179e-01,1.923219999999999930e-01
5.759070155741592316e+04,1.413790000000000102e+00,2.476240000000000108e-01
5.759070190463813924e+04,1.240909999999999958e+00,2.318580000000000085e-01
5.759070225186036259e+04,1.327180000000000026e+00,2.400029999999999941e-01
5.759070259908257867e+04,1.114309999999999912e+00,2.197969999999999924e-01
5.759070294630480930e+04,1.808319999999999927e+00,2.793570000000000220e-01
5.759070329352703266e+04,1.413419999999999899e+00,2.470410000000000106e-01
5.759070364074926329e+04,1.072189999999999976e+00,2.157840000000000036e-01
5.759070398797147209e+04,1.027519999999999989e+00,2.111750000000000016e-01
5.759070433519368817e+04,1.295609999999999928e+00,2.361000000000000043e-01
5.759070468241591880e+04,1.198420000000000041e+00,2.280939999999999912e-01
5.759070502963812760e+04,1.204010000000000025e+00,2.278260000000000007e-01
5.759070537686037278e+04,9.926270000000000371e-01,2.067279999999999951e-01
5.759070572408258158e+04,9.921750000000000291e-01,2.067279999999999951e-01
5.759070607130479766e+04,1.027819999999999956e+00,2.111750000000000016e-01
5.759070641852702829e+04,1.156770000000000076e+00,2.231950000000000045e-01
5.759070676574923709e+04,9.002670000000000394e-01,1.975359999999999894e-01
5.759070711297146772e+04,1.315530000000000088e+00,2.394380000000000119e-01
5.759070746019369108e+04,1.109699999999999909e+00,2.197969999999999924e-01
5.759070780741592171e+04,9.868339999999999890e-01,2.069719999999999893e-01
5.759070815463813778e+04,1.121070000000000011e+00,2.205779999999999963e-01
5.759070850186034659e+04,9.789379999999999749e-01,2.064850000000000019e-01
5.759070884908257722e+04,1.026370000000000005e+00,2.114240000000000008e-01
5.759070919630480057e+04,8.127149999999999652e-01,1.876730000000000065e-01
5.759062662721919332e+04,1.230429999999999913e+00,2.321320000000000050e-01
5.759062697444141668e+04,9.361709999999999754e-01,2.026620000000000088e-01
5.759062732166363276e+04,1.197140000000000093e+00,2.280939999999999912e-01
5.759062766888586339e+04,9.808660000000000156e-01,2.074620000000000075e-01
5.759062801610807946e+04,1.273209999999999953e+00,2.358220000000000038e-01
5.759062836333030282e+04,1.062769999999999992e+00,2.147689999999999877e-01
5.759062871055253345e+04,1.207389999999999963e+00,2.283640000000000114e-01
5.759062905777474225e+04,1.111900000000000110e+00,2.197969999999999924e-01
5.759062940499697288e+04,1.019819999999999949e+00,2.106780000000000042e-01
5.759062975221918896e+04,9.379659999999999664e-01,2.021840000000000026e-01
5.759063009944141231e+04,1.060079999999999911e+00,2.152749999999999941e-01
5.759063044666364294e+04,1.114230000000000054e+00,2.203170000000000128e-01
5.759063079388585174e+04,1.064359999999999973e+00,2.152749999999999941e-01
5.759063114110808237e+04,1.273930000000000007e+00,2.347160000000000080e-01
5.759063148833029845e+04,5.120209999999999484e-01,1.489729999999999943e-01
5.759063183555252181e+04,1.159950000000000037e+00,2.239839999999999887e-01
5.759063218277475244e+04,1.227039999999999909e+00,2.315859999999999863e-01
5.759063252999696124e+04,7.624809999999999643e-01,1.826679999999999970e-01
5.759063287721919187e+04,9.348429999999999795e-01,2.007639999999999980e-01
5.759063322444140795e+04,6.909220000000000361e-01,1.728320000000000134e-01
5.759063357166363858e+04,7.297989999999999755e-01,1.773119999999999974e-01
5.759063391888584738e+04,8.172249999999999792e-01,1.878940000000000055e-01
5.759063426610807801e+04,1.070030000000000037e+00,2.152749999999999941e-01
5.759063461333030136e+04,9.824950000000000072e-01,2.062420000000000087e-01
5.759063496055251744e+04,1.080549999999999899e+00,2.160390000000000088e-01
5.759063530777474807e+04,1.107290000000000108e+00,2.192800000000000027e-01
5.759063565499695687e+04,1.158700000000000063e+00,2.245139999999999914e-01
5.759063600221918750e+04,1.155480000000000063e+00,2.237210000000000032e-01
5.759063634944141086e+04,9.393580000000000263e-01,2.024229999999999918e-01
5.759063669666362694e+04,1.065350000000000019e+00,2.147689999999999877e-01
5.759063704388585757e+04,1.204939999999999900e+00,2.289039999999999964e-01
5.759063739110806637e+04,1.461670000000000025e+00,2.507559999999999789e-01
5.759063773833029700e+04,1.205130000000000035e+00,2.286340000000000039e-01
5.759063808555252035e+04,1.414409999999999945e+00,2.470410000000000106e-01
5.759063843277473643e+04,1.490469999999999962e+00,2.541180000000000105e-01
5.759063877999696706e+04,9.453890000000000349e-01,2.017089999999999994e-01
5.759063912721918314e+04,1.103869999999999907e+00,2.179979999999999973e-01
5.759063947444140649e+04,1.158709999999999907e+00,2.237210000000000032e-01
5.759063982166362985e+04,9.384439999999999449e-01,2.014720000000000122e-01
5.759064016888586048e+04,1.155259999999999954e+00,2.242490000000000039e-01
5.759064051610807655e+04,8.936039999999999539e-01,1.973030000000000062e-01
5.759064086333029263e+04,9.023830000000000462e-01,1.980030000000000123e-01
5.759064121055252326e+04,1.025530000000000053e+00,2.106780000000000042e-01
5.759064155777473934e+04,1.111120000000000108e+00,2.192800000000000027e-01
5.759055898868913937e+04,1.291819999999999968e+00,2.361000000000000043e-01
5.759055933591136272e+04,1.537080000000000002e+00,2.586339999999999750e-01
5.759055968313359335e+04,1.149210000000000065e+00,2.237200000000000022e-01
5.759056003035580216e+04,1.157869999999999955e+00,2.239839999999999887e-01
5.759056037757801823e+04,1.110849999999999893e+00,2.192800000000000027e-01
5.759056072480024886e+04,1.371329999999999938e+00,2.444189999999999974e-01
5.759056107202245767e+04,7.648660000000000458e-01,1.826679999999999970e-01
5.759056141924470285e+04,1.025360000000000049e+00,2.114240000000000008e-01
5.759056176646691165e+04,1.190739999999999910e+00,2.280939999999999912e-01
5.759056211368914228e+04,8.516219999999999901e-01,1.927750000000000019e-01
5.759056246091135836e+04,1.118800000000000017e+00,2.197969999999999924e-01
5.759056280813356716e+04,1.459549999999999903e+00,2.516439999999999788e-01
5.759056315535581234e+04,1.147280000000000078e+00,2.239839999999999887e-01
5.759056350257802114e+04,8.056330000000000435e-01,1.878940000000000055e-01
5.759056384980025177e+04,8.456259999999999888e-01,1.920959999999999890e-01
5.759056419702246785e+04,9.744249999999999856e-01,2.064850000000000019e-01
5.759056454424467665e+04,9.748259999999999703e-01,2.064850000000000019e-01
5.759056489146690728e+04,8.885450000000000292e-01,1.970709999999999962e-01
5.759056523868913064e+04,8.941369999999999596e-01,1.968399999999999872e-01
5.759056558591136127e+04,1.283120000000000038e+00,2.358220000000000038e-01
5.759056593313357735e+04,1.420279999999999987e+00,2.473319999999999963e-01
5.759056628035580070e+04,9.842579999999999663e-01,2.069719999999999893e-01
5.759056662757801678e+04,7.724990000000000467e-01,1.830990000000000117e-01
5.759056697480024013e+04,1.531660000000000021e+00,2.577229999999999799e-01
5.759056732202247076e+04,9.833720000000000239e-01,2.062420000000000087e-01
5.759056766924468684e+04,1.288329999999999975e+00,2.355440000000000034e-01
5.759056801646691747e+04,1.196979999999999933e+00,2.280939999999999912e-01
5.759056836368913355e+04,1.024299999999999988e+00,2.109260000000000024e-01
5.759056871091135690e+04,7.677119999999999500e-01,1.824530000000000041e-01
5.759056905813358026e+04,6.440770000000000106e-01,1.667520000000000113e-01
5.759056940535580361e+04,1.030140000000000056e+00,2.111750000000000016e-01
5.759056975257802696e+04,6.854200000000000292e-01,1.720180000000000042e-01
5.759057009980024304e+04,9.427090000000000192e-01,2.021840000000000026e-01
5.759057044702246640e+04,7.644600000000000284e-01,1.824530000000000041e-01
5.759057079424468975e+04,1.186709999999999932e+00,2.270230000000000026e-01
5.759057114146691310e+04,8.452300000000000368e-01,1.916450000000000098e-01
5.759057148868913646e+04,1.228069999999999995e+00,2.321320000000000050e-01
5.759057183591135254e+04,5.907489999999999686e-01,1.609089999999999965e-01
5.759057218313358317e+04,6.765309999999999935e-01,1.720180000000000042e-01
5.759057253035579924e+04,8.494800000000000129e-01,1.923219999999999930e-01
5.759057287757802260e+04,6.831709999999999727e-01,1.718159999999999965e-01
5.759057322480025323e+04,1.119459999999999900e+00,2.195380000000000109e-01
5.759057357202246203e+04,6.843230000000000146e-01,1.722210000000000130e-01
5.759057391924469266e+04,8.655049999999999688e-01,1.941489999999999883e-01
5.759049134867754765e+04,8.070819999999999661e-01,1.872320000000000095e-01
5.759049169589977828e+04,8.536319999999999464e-01,1.927760000000000029e-01
5.759049204312198708e+04,9.715209999999999679e-01,2.057579999999999965e-01
5.759049239034421771e+04,7.294249999999999901e-01,1.783619999999999928e-01
5.759049273756644106e+04,8.947220000000000173e-01,1.980030000000000123e-01
5.759049308478865714e+04,1.267759999999999998e+00,2.355450000000000044e-01
5.759049343201088777e+04,8.874919999999999476e-01,1.968399999999999872e-01
5.759049377923309657e+04,8.942909999999999471e-01,1.977690000000000003e-01
5.759049412645532720e+04,1.232420000000000071e+00,2.318580000000000085e-01
5.759049447367755056e+04,7.612780000000000102e-01,1.830990000000000117e-01
5.759049482089976664e+04,5.919579999999999842e-01,1.612889999999999879e-01
5.759049516812199727e+04,9.811239999999999961e-01,2.069729999999999903e-01
5.759049551534421335e+04,6.394859999999999989e-01,1.667530000000000123e-01
5.759049586256643670e+04,8.118750000000000133e-01,1.876730000000000065e-01
5.759049620978866005e+04,6.380019999999999580e-01,1.667530000000000123e-01
5.759049655701088341e+04,6.413830000000000364e-01,1.667530000000000123e-01
5.759049690423310676e+04,1.237549999999999928e+00,2.315859999999999863e-01
5.759049725145532284e+04,6.452510000000000190e-01,1.665570000000000106e-01
5.759049759867755347e+04,6.864109999999999934e-01,1.720190000000000052e-01
5.759049794589976955e+04,1.071120000000000072e+00,2.155289999999999984e-01
5.759049829312200018e+04,1.204769999999999897e+00,2.280949999999999922e-01
5.759049864034422353e+04,9.767740000000000311e-01,2.062420000000000087e-01
5.759049898756643961e+04,1.117879999999999985e+00,2.203170000000000128e-01
5.759049933478866296e+04,7.288890000000000091e-01,1.773129999999999984e-01
5.759049968201087904e+04,8.121589999999999643e-01,1.881170000000000064e-01
5.759050002923310967e+04,1.284259999999999957e+00,2.363790000000000058e-01
5.759050037645533303e+04,6.005209999999999715e-01,1.610989999999999922e-01
5.759050072367755638e+04,1.207719999999999905e+00,2.283640000000000114e-01
5.759050107089977246e+04,9.889879999999999782e-01,2.067289999999999961e-01
5.759050141812198854e+04,5.566710000000000269e-01,1.550559999999999994e-01
5.759050176534421917e+04,8.589040000000000008e-01,1.925489999999999979e-01
5.759050211256644252e+04,1.280710000000000015e+00,2.336209999999999953e-01
5.759050245978867315e+04,1.800450000000000106e+00,2.780449999999999866e-01
5.759050280701088195e+04,7.232420000000000515e-01,1.773129999999999984e-01
5.759050315423311258e+04,9.373979999999999535e-01,2.021850000000000036e-01
5.759050350145532866e+04,1.280550000000000077e+00,2.358220000000000038e-01
5.759050384867753746e+04,1.097809999999999953e+00,2.192800000000000027e-01
5.759050419589978264e+04,1.195670000000000011e+00,2.275580000000000103e-01
5.759050454312199145e+04,1.467270000000000074e+00,2.513480000000000159e-01
5.759050489034422208e+04,1.112209999999999921e+00,2.195390000000000119e-01
5.759050523756643815e+04,8.947709999999999830e-01,1.966090000000000060e-01
5.759050558478864696e+04,8.923550000000000093e-01,1.963779999999999970e-01
5.759050593201087759e+04,9.908970000000000278e-01,2.069729999999999903e-01
5.759050627923310094e+04,1.608049999999999979e+00,2.647849999999999926e-01
5.759042371012434887e+04,1.532210000000000072e+00,2.586350000000000038e-01
5.759042405734655767e+04,1.153550000000000075e+00,2.250469999999999970e-01
5.759042440456880286e+04,1.021090000000000053e+00,2.106790000000000052e-01
5.759042475179101166e+04,1.359990000000000032e+00,2.429840000000000055e-01
5.759042509901322774e+04,1.063509999999999955e+00,2.155299999999999994e-01
5.759042544623545837e+04,9.771670000000000078e-01,2.060009999999999897e-01
5.759042579345766717e+04,1.098470000000000057e+00,2.185100000000000098e-01
5.759042614067991235e+04,1.286280000000000090e+00,2.363800000000000068e-01
5.759042648790212115e+04,1.282129999999999992e+00,2.355450000000000044e-01
5.759042683512433723e+04,6.829020000000000090e-01,1.724249999999999949e-01
5.759042718234656786e+04,1.582179999999999920e+00,2.609719999999999818e-01
5.759042752956877666e+04,1.410959999999999992e+00,2.479169999999999985e-01
5.759042787679100729e+04,7.596289999999999987e-01,1.824540000000000051e-01
5.759042822401323065e+04,1.439689999999999914e+00,2.507570000000000077e-01
5.759042857123546128e+04,1.237090000000000023e+00,2.318590000000000095e-01
5.759042891845767736e+04,1.113339999999999996e+00,2.200580000000000036e-01
5.759042926567989343e+04,7.172079999999999567e-01,1.768969999999999987e-01
5.759042961290211679e+04,9.049770000000000314e-01,1.975369999999999904e-01
5.759042996012434014e+04,1.336929999999999952e+00,2.397209999999999896e-01
5.759043030734657077e+04,1.206839999999999913e+00,2.280949999999999922e-01
5.759043065456878685e+04,9.026669999999999972e-01,1.975369999999999904e-01
5.759043100179101020e+04,1.074529999999999985e+00,2.150229999999999919e-01
5.759043134901323356e+04,1.315090000000000092e+00,2.363800000000000068e-01
5.759043169623544964e+04,1.321180000000000021e+00,2.385970000000000035e-01
5.759043204345768027e+04,1.283630000000000049e+00,2.366590000000000082e-01
5.759043239067990362e+04,1.058850000000000069e+00,2.152759999999999951e-01
5.759043273790212697e+04,1.234129999999999949e+00,2.318590000000000095e-01
5.759043308512434305e+04,1.541760000000000019e+00,2.586350000000000038e-01
5.759043343234655913e+04,1.198749999999999982e+00,2.286350000000000049e-01
5.759043377956878976e+04,1.362729999999999997e+00,2.432699999999999863e-01
5.759043412679101311e+04,1.201310000000000100e+00,2.283650000000000124e-01
5.759035606563343754e+04,1.705729999999999968e+00,2.723050000000000193e-01
5.759035641285568272e+04,1.180749999999999966e+00,2.272929999999999950e-01
5.759035676007789152e+04,7.589010000000000478e-01,1.822419999999999873e-01
5.759035710730012215e+04,1.104950000000000099e+00,2.203199999999999881e-01
5.759035745452233823e+04,1.143880000000000008e+00,2.237230000000000052e-01
5.759035780174454703e+04,1.151310000000000056e+00,2.234599999999999920e-01
5.759035814896677766e+04,9.886679999999999913e-01,2.067309999999999981e-01
5.759035849618900102e+04,1.196479999999999988e+00,2.283660000000000134e-01
5.759035884341123165e+04,1.408330000000000082e+00,2.470430000000000126e-01
5.759035919063344772e+04,1.673219999999999930e+00,2.695150000000000046e-01
5.759035953785567835e+04,1.199230000000000018e+00,2.280969999999999942e-01
5.759035988507788716e+04,9.426689999999999792e-01,2.024259999999999948e-01
5.759036023230011779e+04,1.274359999999999937e+00,2.355470000000000064e-01
5.759036057952234114e+04,1.275369999999999893e+00,2.366610000000000102e-01
5.759036092674455722e+04,1.153459999999999930e+00,2.234599999999999920e-01
5.759036127396678785e+04,1.326610000000000067e+00,2.397219999999999906e-01
5.759036162118899665e+04,1.792859999999999898e+00,2.777209999999999956e-01
5.759002717187345843e+04,7.709129999999999594e-01,1.831039999999999890e-01
5.759002751909566723e+04,1.376749999999999918e+00,2.429870000000000085e-01
5.759002786631791241e+04,1.030450000000000088e+00,2.111790000000000056e-01
5.759002821354012121e+04,6.391289999999999472e-01,1.663660000000000139e-01
5.759002856076233729e+04,7.702900000000000302e-01,1.831039999999999890e-01
5.759002890798456792e+04,1.297900000000000054e+00,2.369420000000000137e-01
5.759002925520677672e+04,9.792549999999999866e-01,2.067330000000000001e-01
5.759002960242900735e+04,1.201060000000000016e+00,2.278300000000000047e-01
5.759002994965123071e+04,1.026589999999999892e+00,2.114280000000000048e-01
5.759003029687346134e+04,1.299290000000000056e+00,2.363820000000000088e-01
5.759003064409567742e+04,9.434599999999999653e-01,2.019509999999999916e-01
5.759003099131790077e+04,1.200800000000000090e+00,2.278300000000000047e-01
5.759003133854011685e+04,1.247389999999999999e+00,2.326840000000000019e-01
5.759003168576234020e+04,9.450589999999999824e-01,2.024279999999999968e-01
5.759003203298457083e+04,7.314169999999999838e-01,1.769010000000000027e-01
5.758995460288217873e+04,1.456460000000000088e+00,2.504620000000000180e-01
5.758995495010440936e+04,1.325020000000000087e+00,2.397209999999999896e-01
5.758995529732663272e+04,6.393100000000000449e-01,1.669499999999999873e-01
5.758995564454884152e+04,9.418210000000000193e-01,2.014730000000000132e-01
5.758995599177107215e+04,1.156250000000000000e+00,2.234579999999999900e-01
5.758995633899328823e+04,1.032880000000000020e+00,2.126800000000000079e-01
5.758995668621551886e+04,1.419289999999999941e+00,2.473329999999999973e-01
5.758995703343772766e+04,1.120409999999999906e+00,2.203180000000000138e-01
5.758995738065995829e+04,1.187210000000000099e+00,2.283650000000000124e-01
5.758995772788218164e+04,1.539670000000000094e+00,2.583300000000000041e-01
5.758995807510439772e+04,9.454690000000000039e-01,2.021860000000000046e-01
5.758995842232662835e+04,1.382349999999999968e+00,2.444199999999999984e-01
5.758995876954883715e+04,8.540450000000000541e-01,1.920969999999999900e-01
5.758995911677108234e+04,1.359900000000000109e+00,2.429840000000000055e-01
5.758995946399329114e+04,1.381029999999999980e+00,2.444199999999999984e-01
5.758995981121550722e+04,7.252049999999999885e-01,1.775220000000000131e-01
5.758996015843773785e+04,8.505770000000000275e-01,1.923229999999999940e-01
5.758996050565994665e+04,1.031709999999999905e+00,2.114250000000000018e-01
5.758996085288217728e+04,1.368009999999999948e+00,2.438440000000000052e-01
5.758996120010440063e+04,1.241409999999999902e+00,2.315859999999999863e-01
5.758996154732661671e+04,1.070310000000000095e+00,2.155299999999999994e-01
5.758996189454884734e+04,1.245579999999999909e+00,2.318590000000000095e-01
5.758996224177106342e+04,1.188369999999999926e+00,2.272909999999999930e-01
5.758996258899328677e+04,1.104309999999999903e+00,2.195390000000000119e-01
5.758996293621551013e+04,1.151699999999999946e+00,2.229339999999999933e-01
5.758996328343774076e+04,1.668870000000000076e+00,2.688789999999999791e-01
5.758996363065995683e+04,7.711729999999999974e-01,1.831000000000000127e-01
5.758996397788217291e+04,1.282680000000000042e+00,2.358230000000000048e-01
5.758996432510440354e+04,1.437670000000000003e+00,2.498750000000000138e-01
5.758988259094604291e+04,1.319900000000000073e+00,2.400029999999999941e-01
5.758988293816827354e+04,1.060380000000000100e+00,2.145179999999999865e-01
5.758988328539048962e+04,9.335940000000000349e-01,2.012359999999999982e-01
5.758988363261271297e+04,1.273660000000000014e+00,2.358220000000000038e-01
5.758988397983494360e+04,1.192890000000000006e+00,2.289049999999999974e-01
5.758988432705715240e+04,1.442949999999999955e+00,2.501680000000000015e-01
5.758988467427938303e+04,1.317630000000000079e+00,2.397199999999999886e-01
5.758988502150159911e+04,9.766920000000000046e-01,2.064850000000000019e-01
5.758988536872382974e+04,1.316330000000000000e+00,2.391570000000000085e-01
5.758988571594605310e+04,1.592899999999999983e+00,2.618929999999999869e-01
5.758988606316826917e+04,1.368370000000000086e+00,2.438430000000000042e-01
5.758988641039049253e+04,9.886179999999999968e-01,2.067289999999999961e-01
5.758988675761270861e+04,1.115089999999999915e+00,2.195390000000000119e-01
5.758988710483493924e+04,1.061250000000000027e+00,2.152759999999999951e-01
5.758988745205716259e+04,9.796620000000000328e-01,2.067289999999999961e-01
5.758988779927939322e+04,1.365580000000000016e+00,2.435559999999999947e-01
5.758988814650160202e+04,1.281970000000000054e+00,2.363790000000000058e-01
5.758988849372383265e+04,1.366170000000000107e+00,2.438430000000000042e-01
5.758988884094604873e+04,1.196379999999999999e+00,2.289049999999999974e-01
5.758988918816825753e+04,1.404369999999999896e+00,2.473319999999999963e-01
5.758988953539050272e+04,1.280000000000000027e+00,2.355450000000000044e-01
5.758988988261271152e+04,1.470190000000000108e+00,2.507559999999999789e-01
5.758989022983494215e+04,1.297709999999999919e+00,2.363790000000000058e-01
5.758989057705715823e+04,9.513310000000000377e-01,2.029030000000000000e-01
5.758989092427936703e+04,1.110559999999999992e+00,2.187659999999999882e-01
5.758989127150159766e+04,8.104320000000000412e-01,1.859220000000000039e-01
5.758989161872382101e+04,9.890750000000000375e-01,2.067289999999999961e-01
5.758989196594605164e+04,1.205170000000000075e+00,2.278260000000000007e-01
5.758989231316826772e+04,1.073620000000000019e+00,2.147699999999999887e-01
5.758989266039049835e+04,1.031209999999999960e+00,2.111750000000000016e-01
5.758989300761270715e+04,8.984250000000000291e-01,1.970719999999999972e-01
5.758989335483493051e+04,1.673929999999999918e+00,2.688780000000000059e-01
5.758989370205716114e+04,1.462450000000000028e+00,2.513480000000000159e-01
5.758989404927937721e+04,1.543709999999999916e+00,2.586350000000000038e-01
5.758989439650160784e+04,9.436299999999999688e-01,2.024239999999999928e-01
5.758989474372381665e+04,1.413489999999999913e+00,2.470410000000000106e-01
5.758989509094604728e+04,1.193810000000000038e+00,2.270240000000000036e-01
5.758989543816827063e+04,1.029269999999999907e+00,2.109260000000000024e-01
5.758989578539048671e+04,1.335730000000000084e+00,2.408550000000000135e-01
5.758989613261271734e+04,9.002559999999999452e-01,1.977700000000000014e-01
5.758989647983493342e+04,6.922939999999999650e-01,1.734469999999999901e-01
5.758981495236969204e+04,1.322770000000000001e+00,2.397199999999999886e-01
5.758981529959192267e+04,1.414409999999999945e+00,2.476240000000000108e-01
5.758981564681413874e+04,1.243789999999999951e+00,2.307710000000000039e-01
5.758981599403636210e+04,1.536000000000000032e+00,2.586339999999999750e-01
5.758981634125859273e+04,1.234180000000000055e+00,2.310419999999999974e-01
5.758981668848080153e+04,1.682129999999999903e+00,2.704710000000000170e-01
5.758981703570303216e+04,1.061290000000000067e+00,2.152749999999999941e-01
5.758981738292524824e+04,1.369510000000000005e+00,2.438430000000000042e-01
5.758981773014747887e+04,1.315330000000000110e+00,2.391570000000000085e-01
5.758981807736968767e+04,1.281309999999999949e+00,2.366580000000000072e-01
5.758981842459191830e+04,1.490669999999999940e+00,2.547170000000000267e-01
5.758981877181414166e+04,1.456560000000000077e+00,2.513480000000000159e-01
5.758981911903635773e+04,1.585239999999999982e+00,2.622019999999999906e-01
5.758981946625858836e+04,1.018299999999999983e+00,2.106780000000000042e-01
5.758981981348079717e+04,1.189340000000000064e+00,2.264919999999999989e-01
5.758982016070304235e+04,9.339389999999999636e-01,2.021850000000000036e-01
5.758982050792525115e+04,1.231009999999999938e+00,2.315859999999999863e-01
5.758982085514746723e+04,1.076049999999999951e+00,2.155289999999999984e-01
5.758982120236969786e+04,1.704560000000000075e+00,2.719829999999999748e-01
5.758982154959190666e+04,1.375839999999999952e+00,2.438430000000000042e-01
5.758982189681413729e+04,1.234140000000000015e+00,2.318580000000000085e-01
5.758982224403636064e+04,1.792089999999999961e+00,2.790279999999999982e-01
5.758982259125859127e+04,1.069630000000000081e+00,2.150219999999999909e-01
5.758982293848080735e+04,1.583720000000000017e+00,2.618929999999999869e-01
5.758982328570302343e+04,1.366260000000000030e+00,2.432690000000000130e-01
5.758982363292524678e+04,1.181619999999999893e+00,2.270240000000000036e-01
5.758982398014747014e+04,1.020860000000000101e+00,2.116740000000000010e-01
5.758982432736970077e+04,1.155589999999999895e+00,2.231950000000000045e-01
5.758982467459191685e+04,1.155650000000000066e+00,2.239849999999999897e-01
5.758982502181414748e+04,1.588540000000000063e+00,2.622019999999999906e-01
5.758982536903636355e+04,1.464429999999999898e+00,2.513480000000000159e-01
5.758982571625857963e+04,1.194350000000000023e+00,2.272909999999999930e-01
5.758982606348081026e+04,1.405960000000000099e+00,2.470410000000000106e-01
5.758982641070303362e+04,1.413480000000000070e+00,2.467509999999999981e-01
5.758982675792525697e+04,1.326389999999999958e+00,2.400029999999999941e-01
5.758982710514747305e+04,1.101159999999999917e+00,2.182530000000000026e-01
5.758982745236969640e+04,9.807890000000000219e-01,2.050359999999999960e-01
5.758982779959191976e+04,1.290119999999999933e+00,2.358220000000000038e-01
5.758982814681414311e+04,9.413249999999999673e-01,2.017089999999999994e-01
5.758982849403636646e+04,1.884039999999999937e+00,2.852580000000000116e-01
5.758982884125858254e+04,1.367380000000000040e+00,2.438430000000000042e-01
5.758974731380490994e+04,1.027460000000000040e+00,2.106780000000000042e-01
5.758974766102714057e+04,9.405360000000000387e-01,2.026630000000000098e-01
5.758974800824935664e+04,9.115510000000000002e-01,1.980030000000000123e-01
5.758974835547158000e+04,1.033800000000000052e+00,2.109260000000000024e-01
5.758974870269380335e+04,1.544820000000000082e+00,2.577229999999999799e-01
5.758974904991601943e+04,1.078610000000000069e+00,2.173229999999999884e-01
5.758974939713825006e+04,1.104610000000000092e+00,2.190229999999999955e-01
5.758974974436047341e+04,1.493249999999999966e+00,2.547170000000000267e-01
5.758975009158269677e+04,1.241509999999999891e+00,2.321320000000000050e-01
5.758975043880491285e+04,1.242690000000000072e+00,2.313139999999999918e-01
5.758975078602714348e+04,1.370219999999999994e+00,2.441309999999999869e-01
5.758975113324935955e+04,1.236070000000000002e+00,2.313139999999999918e-01
5.758975148047158291e+04,9.852929999999999744e-01,2.069729999999999903e-01
5.758975182769381354e+04,1.630069999999999908e+00,2.660350000000000215e-01
5.758975217491602234e+04,8.967220000000000191e-01,1.973040000000000072e-01
5.758975252213825297e+04,1.411669999999999980e+00,2.482090000000000130e-01
5.758975286936046905e+04,8.548729999999999940e-01,1.927760000000000029e-01
5.758975321658269240e+04,1.360109999999999930e+00,2.432690000000000130e-01
5.758975356380492303e+04,1.057670000000000110e+00,2.150219999999999909e-01
5.758975391102713183e+04,1.191009999999999902e+00,2.280949999999999922e-01
5.758975425824936246e+04,9.765500000000000291e-01,2.062420000000000087e-01
5.758975460547157854e+04,1.278489999999999904e+00,2.361000000000000043e-01
5.758975495269380917e+04,8.130290000000000017e-01,1.876730000000000065e-01
5.758975529991603253e+04,1.029779999999999918e+00,2.111750000000000016e-01
5.758975564713824133e+04,9.900989999999999513e-01,2.062420000000000087e-01
5.758975599436047196e+04,7.338580000000000103e-01,1.773129999999999984e-01
5.758975634158268804e+04,1.023279999999999967e+00,2.106780000000000042e-01
5.758975668880491867e+04,1.061069999999999958e+00,2.137650000000000106e-01
5.758975703602712747e+04,9.823410000000000197e-01,2.074630000000000085e-01
5.758975738324937265e+04,1.674770000000000092e+00,2.676169999999999938e-01
5.758975773047158145e+04,8.584190000000000431e-01,1.923219999999999930e-01
5.758975807769379753e+04,1.191640000000000033e+00,2.270240000000000036e-01
5.758975842491602816e+04,7.699700000000000433e-01,1.826679999999999970e-01
5.758975877213823696e+04,9.006020000000000136e-01,1.973040000000000072e-01
5.758975911936046759e+04,8.961019999999999541e-01,1.973040000000000072e-01
5.758975946658269095e+04,8.180530000000000301e-01,1.878950000000000065e-01
5.758975981380492158e+04,9.755740000000000522e-01,2.064850000000000019e-01
5.758976016102713766e+04,7.218919999999999781e-01,1.768959999999999977e-01
5.758976050824934646e+04,8.173599999999999755e-01,1.878950000000000065e-01
5.758976085547157709e+04,1.173780000000000046e+00,2.280179999999999985e-01
5.758976120269380044e+04,1.147820000000000062e+00,2.229329999999999923e-01
5.758967968415246287e+04,1.524899999999999922e+00,2.577229999999999799e-01
5.758968003137469350e+04,1.663140000000000063e+00,2.688780000000000059e-01
5.758968037859690958e+04,1.366330000000000044e+00,2.432690000000000130e-01
5.758968072581913293e+04,7.671839999999999771e-01,1.822390000000000121e-01
5.758968107304136356e+04,1.363399999999999945e+00,2.432690000000000130e-01
5.758968142026357236e+04,1.156770000000000076e+00,2.250459999999999960e-01
5.758968176748580299e+04,1.368810000000000082e+00,2.435559999999999947e-01
5.758968211470801907e+04,1.747000000000000108e+00,2.763369999999999993e-01
5.758968246193024970e+04,1.110370000000000079e+00,2.197969999999999924e-01
5.758968280915247306e+04,1.193640000000000034e+00,2.280939999999999912e-01
5.758968315637468186e+04,7.218369999999999509e-01,1.781510000000000038e-01
5.758968350359691249e+04,1.142490000000000006e+00,2.229329999999999923e-01
5.758968385081912857e+04,1.101620000000000044e+00,2.192800000000000027e-01
5.758968419804135920e+04,1.022890000000000077e+00,2.119240000000000013e-01
5.758968454526358255e+04,1.189459999999999962e+00,2.267569999999999864e-01
5.758968489248579863e+04,1.287660000000000027e+00,2.366580000000000072e-01
5.758968523970802198e+04,1.070929999999999938e+00,2.152749999999999941e-01
5.758968558693023806e+04,8.121089999999999698e-01,1.878950000000000065e-01
5.758968593415246869e+04,9.443610000000000060e-01,2.021850000000000036e-01
5.758968628137467749e+04,1.027959999999999985e+00,2.109260000000000024e-01
5.758968662859692267e+04,1.109599999999999920e+00,2.195390000000000119e-01
5.758968697581913148e+04,8.943879999999999608e-01,1.970709999999999962e-01
5.758968732304134755e+04,1.500150000000000095e+00,2.544170000000000043e-01
5.758968767026357818e+04,1.338440000000000074e+00,2.391570000000000085e-01
5.758968801748578699e+04,1.417219999999999924e+00,2.470410000000000106e-01
5.758968836470801762e+04,1.196320000000000050e+00,2.278260000000000007e-01
5.758968871193024097e+04,1.803569999999999895e+00,2.783720000000000083e-01
5.758968905915245705e+04,1.145170000000000021e+00,2.234869999999999912e-01
5.758968940637468768e+04,1.412390000000000034e+00,2.467509999999999981e-01
5.758968975359689648e+04,1.152209999999999956e+00,2.237210000000000032e-01
5.758969010081912711e+04,1.196120000000000072e+00,2.275580000000000103e-01
5.758969044804135046e+04,1.152349999999999985e+00,2.237210000000000032e-01
5.758969079526358109e+04,1.583599999999999897e+00,2.628220000000000001e-01
5.758969114248579717e+04,1.116519999999999957e+00,2.197969999999999924e-01
5.758969148970801325e+04,9.916490000000000027e-01,2.062420000000000087e-01
5.758969183693023660e+04,6.431280000000000330e-01,1.661650000000000071e-01
5.758969218415245996e+04,8.599369999999999514e-01,1.925489999999999979e-01
5.758969253137469059e+04,9.858799999999999786e-01,2.067289999999999961e-01
5.758969287859690667e+04,5.117070000000000229e-01,1.489729999999999943e-01
5.758969322581913002e+04,9.821569999999999467e-01,2.059999999999999887e-01
5.758969357304135337e+04,8.182380000000000209e-01,1.881160000000000054e-01
5.758969392026356945e+04,6.829410000000000203e-01,1.718159999999999965e-01
5.758969426748580008e+04,8.157320000000000126e-01,1.881160000000000054e-01
5.758961203672164993e+04,1.066869999999999985e+00,2.157840000000000036e-01
5.758961238394388056e+04,9.406959999999999766e-01,2.019469999999999876e-01
5.758961273116609664e+04,1.110190000000000010e+00,2.195390000000000119e-01
5.758961307838831999e+04,8.886150000000000437e-01,1.968399999999999872e-01
5.758961342561054335e+04,9.736139999999999795e-01,2.059999999999999887e-01
5.758961377283275942e+04,5.922840000000000327e-01,1.612889999999999879e-01
5.758961412005499005e+04,6.797870000000000301e-01,1.720190000000000052e-01
5.758961446727721341e+04,6.794050000000000367e-01,1.716149999999999898e-01
5.758961481449943676e+04,9.802229999999999555e-01,2.062420000000000087e-01
5.758961516172165284e+04,1.109650000000000025e+00,2.195390000000000119e-01
5.758961550894388347e+04,1.111159999999999926e+00,2.197979999999999934e-01
5.758961585616609955e+04,8.132099999999999884e-01,1.874530000000000085e-01
5.758961620338832290e+04,8.970540000000000180e-01,1.973040000000000072e-01
5.758961655061055353e+04,8.092019999999999769e-01,1.881160000000000054e-01
5.758961689783276233e+04,6.803780000000000383e-01,1.728320000000000134e-01
5.758961724505499296e+04,8.963929999999999954e-01,1.977690000000000003e-01
5.758961759227720904e+04,6.390569999999999862e-01,1.671459999999999890e-01
5.758961793949943240e+04,7.708930000000000504e-01,1.826679999999999970e-01
5.758961828672166303e+04,9.389570000000000416e-01,2.017089999999999994e-01
5.758961863394387183e+04,1.113350000000000062e+00,2.192800000000000027e-01
5.758961898116610246e+04,6.443799999999999528e-01,1.671459999999999890e-01
5.758961932838831854e+04,1.026129999999999987e+00,2.106780000000000042e-01
5.758961967561054917e+04,8.084679999999999644e-01,1.876730000000000065e-01
5.758962002283277252e+04,1.280119999999999925e+00,2.358220000000000038e-01
5.758962037005498860e+04,6.805419999999999803e-01,1.720190000000000052e-01
5.758962071727721195e+04,6.822230000000000238e-01,1.726280000000000037e-01
5.758962106449942803e+04,7.207179999999999698e-01,1.766890000000000127e-01
5.758962141172165866e+04,1.029989999999999961e+00,2.116740000000000010e-01
5.758962175894386746e+04,6.424269999999999703e-01,1.665560000000000096e-01
5.758962210616611264e+04,4.671879999999999922e-01,1.424640000000000073e-01
5.758962245338832145e+04,5.567670000000000119e-01,1.556049999999999933e-01
5.758962280061053752e+04,6.442379999999999773e-01,1.671459999999999890e-01
5.758962314783276815e+04,7.287470000000000336e-01,1.779409999999999881e-01
5.758962349505497696e+04,7.659289999999999710e-01,1.828829999999999900e-01
5.758962384227720759e+04,8.116449999999999498e-01,1.872320000000000095e-01
5.758962418949943094e+04,7.280010000000000092e-01,1.783619999999999928e-01
5.758962453672166157e+04,9.425430000000000197e-01,2.021850000000000036e-01
5.758962488394387765e+04,6.431440000000000490e-01,1.665560000000000096e-01
5.758962523116610100e+04,8.167419999999999680e-01,1.881160000000000054e-01
5.758962557838831708e+04,1.114179999999999948e+00,2.197979999999999934e-01
5.758962592561054043e+04,1.289209999999999967e+00,2.369380000000000097e-01
5.758962627283277106e+04,5.578689999999999483e-01,1.565290000000000015e-01
5.758954439815688238e+04,8.058290000000000175e-01,1.870130000000000126e-01
5.758954474537909846e+04,8.109950000000000214e-01,1.878950000000000065e-01
5.758954509260132181e+04,9.384059999999999624e-01,2.017089999999999994e-01
5.758954543982355244e+04,8.892849999999999921e-01,1.966090000000000060e-01
5.758954578704576124e+04,7.236040000000000250e-01,1.775210000000000121e-01
5.758954613426799187e+04,3.889250000000000207e-01,1.291670000000000040e-01
5.758954648149020795e+04,7.256259999999999932e-01,1.768959999999999977e-01
5.758954682871243858e+04,5.933960000000000345e-01,1.612889999999999879e-01
5.758954717593464738e+04,1.192569999999999908e+00,2.275580000000000103e-01
5.758954752315687801e+04,8.521649999999999503e-01,1.927760000000000029e-01
5.758954787037910137e+04,1.361499999999999932e+00,2.432690000000000130e-01
5.758954821760131745e+04,1.069590000000000041e+00,2.160390000000000088e-01
5.758954856482354808e+04,8.509299999999999642e-01,1.925489999999999979e-01
5.758954891204575688e+04,9.800619999999999887e-01,2.062420000000000087e-01
5.758954925926798751e+04,8.541290000000000271e-01,1.925489999999999979e-01
5.758954960649021086e+04,7.609010000000000495e-01,1.828829999999999900e-01
5.758954995371242694e+04,1.101359999999999895e+00,2.192800000000000027e-01
5.758955030093465757e+04,9.409039999999999626e-01,2.021850000000000036e-01
5.758955064815686637e+04,1.069160000000000110e+00,2.150219999999999909e-01
5.758955099537909700e+04,9.851520000000000277e-01,2.062420000000000087e-01
5.758955134260132036e+04,6.869129999999999958e-01,1.720190000000000052e-01
5.758955168982353644e+04,8.640079999999999982e-01,1.925489999999999979e-01
5.758955203704576707e+04,1.210869999999999891e+00,2.280949999999999922e-01
5.758955238426798314e+04,1.237749999999999906e+00,2.310419999999999974e-01
5.758955273149020650e+04,9.849499999999999922e-01,2.069729999999999903e-01
5.758955307871242985e+04,8.968099999999999961e-01,1.975359999999999894e-01
5.758955342593465321e+04,7.287029999999999896e-01,1.779409999999999881e-01
5.758955377315687656e+04,8.961259999999999781e-01,1.970709999999999962e-01
5.758955412037909264e+04,9.450340000000000407e-01,2.026630000000000098e-01
5.758955446760132327e+04,1.034850000000000048e+00,2.121760000000000035e-01
5.758955481482353935e+04,1.033879999999999910e+00,2.111750000000000016e-01
5.758955516204576998e+04,1.020990000000000064e+00,2.104300000000000059e-01
5.758955550926799333e+04,1.153010000000000090e+00,2.239839999999999887e-01
5.758955585649020941e+04,9.805190000000000294e-01,2.064850000000000019e-01
5.758955620371243276e+04,8.918099999999999916e-01,1.966090000000000060e-01
5.758955655093464884e+04,1.241910000000000069e+00,2.310419999999999974e-01
5.758955689815687947e+04,1.075809999999999933e+00,2.152749999999999941e-01
5.758955724537910282e+04,9.811339999999999506e-01,2.059999999999999887e-01
5.758955759260131890e+04,1.370349999999999957e+00,2.438430000000000042e-01
5.758955793982354226e+04,1.331020000000000092e+00,2.394380000000000119e-01
5.758955828704575833e+04,1.066109999999999891e+00,2.152749999999999941e-01
5.758955863426798896e+04,9.752570000000000405e-01,2.062420000000000087e-01
5.758947675809900102e+04,9.773810000000000553e-01,2.062420000000000087e-01
5.758947710532121710e+04,1.829550000000000010e+00,2.813359999999999750e-01
5.758947745254344045e+04,1.368940000000000046e+00,2.435559999999999947e-01
5.758947779976565653e+04,8.131019999999999914e-01,1.883390000000000064e-01
5.758947814698787988e+04,1.145049999999999901e+00,2.237210000000000032e-01
5.758947849421011051e+04,1.065720000000000001e+00,2.150219999999999909e-01
5.758947884143232659e+04,1.285590000000000011e+00,2.355450000000000044e-01
5.758947918865455722e+04,1.496089999999999920e+00,2.541180000000000105e-01
5.758947953587677330e+04,1.530010000000000092e+00,2.571189999999999864e-01
5.758947988309898938e+04,1.673640000000000017e+00,2.691950000000000176e-01
5.758948023032122001e+04,1.620579999999999909e+00,2.644739999999999869e-01
5.758948057754344336e+04,1.752790000000000070e+00,2.766640000000000210e-01
5.758948092476566671e+04,1.186209999999999987e+00,2.278260000000000007e-01
5.758948127198788279e+04,1.108579999999999899e+00,2.195390000000000119e-01
5.758948161921011342e+04,1.331120000000000081e+00,2.397199999999999886e-01
5.758948196643232950e+04,1.278589999999999893e+00,2.363790000000000058e-01
5.758948231365455285e+04,1.057160000000000100e+00,2.145179999999999865e-01
5.758948266087678348e+04,1.146730000000000027e+00,2.234579999999999900e-01
5.758948300809899229e+04,1.241200000000000081e+00,2.318590000000000095e-01
5.758948335532122292e+04,1.761800000000000033e+00,2.753619999999999957e-01
5.758948370254343899e+04,1.159399999999999986e+00,2.239849999999999897e-01
5.758948404976566235e+04,1.493179999999999952e+00,2.541180000000000105e-01
5.758948439698789298e+04,1.625580000000000025e+00,2.654090000000000060e-01
5.758948474421010178e+04,1.452749999999999986e+00,2.504620000000000180e-01
5.758948509143233241e+04,1.196560000000000068e+00,2.275580000000000103e-01
5.758948543865454849e+04,1.610239999999999894e+00,2.644739999999999869e-01
5.758948578587675729e+04,1.887000000000000011e+00,2.852580000000000116e-01
5.758948613309900247e+04,2.108330000000000037e+00,3.010300000000000198e-01
5.758948648032121127e+04,1.869490000000000096e+00,2.855940000000000145e-01
5.758948682754344190e+04,2.291560000000000041e+00,3.160149999999999904e-01
5.758948717476565798e+04,1.786859999999999893e+00,2.796870000000000189e-01
5.758948752198788134e+04,1.266899999999999915e+00,2.349920000000000064e-01
5.758948786921009741e+04,1.693440000000000056e+00,2.719829999999999748e-01
5.758948821643232077e+04,1.532040000000000068e+00,2.580259999999999776e-01
5.758948856365455140e+04,1.406339999999999923e+00,2.473319999999999963e-01
5.758948891087676748e+04,1.361930000000000085e+00,2.429840000000000055e-01
5.758948925809899811e+04,1.276219999999999910e+00,2.358220000000000038e-01
5.758948960532120691e+04,1.277420000000000000e+00,2.361000000000000043e-01
5.758948995254343026e+04,1.193899999999999961e+00,2.272909999999999930e-01
5.758949029976566089e+04,1.290720000000000089e+00,2.358220000000000038e-01